stack - > 0:0
1  0  0  0  
1  1  0  0  
0  1  0  0  
0  1  1  1  
stack - > 1:0
5  0  0  0  
1  1  0  0  
0  1  0  0  
0  1  1  1  
stack - > 1:1
5  0  0  0  
5  1  0  0  
0  1  0  0  
0  1  1  1  
stack - > 2:1
5  0  0  0  
5  5  0  0  
0  1  0  0  
0  1  1  1  
stack - > 3:1
5  0  0  0  
5  5  0  0  
0  5  0  0  
0  1  1  1  
stack - > 3:2
5  0  0  0  
5  5  0  0  
0  5  0  0  
0  5  1  1  
stack - > 3:3
5  0  0  0  
5  5  0  0  
0  5  0  0  
0  5  5  1  
VHVVHH, 
stack - > 3:2
5  0  0  0  
5  5  0  0  
0  5  0  0  
0  5  1  1  
stack - > 3:1
5  0  0  0  
5  5  0  0  
0  5  0  0  
0  1  1  1  
stack - > 2:1
5  0  0  0  
5  5  0  0  
0  1  0  0  
0  1  1  1  
stack - > 1:1
5  0  0  0  
5  1  0  0  
0  1  0  0  
0  1  1  1  
stack - > 1:0
5  0  0  0  
1  1  0  0  
0  1  0  0  
0  1  1  1  
stack - > 0:0
1  0  0  0  
1  1  0  0  
0  1  0  0  
0  1  1  1  

can rat find path : true
